4.009119509968842032e-02 2.521362471377486258e-01
5.802164041764195507e-02 3.603787412625688025e-01
8.606012077248019476e-02 4.400408360301786281e-01
1.278300183056659267e-01 6.308581380634333824e-01
1.859063812935631554e-01 6.316011446745121161e-01
2.739955116354219067e-01 6.743968424944015716e-01
4.024867474542601076e-01 6.167322845613875115e-01
5.910384247717540562e-01 6.052240020427778200e-01
8.701133797849240903e-01 6.489085190506181933e-01
1.279780937403330876e+00 8.228520596819387523e-01
1.882574196958700208e+00 1.113519544429740993e+00
2.769094374774479839e+00 1.572141860417436421e+00
4.001500220195118196e+00 2.283054956190591955e+00
5.263258094806565701e+00 3.138463766668703414e+00
