4.009119509968842032e-02 2.769469417010183676e+00
5.802164041764195507e-02 5.083218687425950399e+00
8.606012077248019476e-02 9.349863536979903245e+00
1.278300183056659267e-01 1.075714126391057057e+01
1.859063812935631554e-01 8.764998637079372656e+00
2.739955116354219067e-01 9.502642725647355348e+00
4.024867474542601076e-01 8.808418088351665176e+00
5.910384247717540562e-01 8.438443295627923391e+00
8.701133797849240903e-01 9.182875452082653212e+00
1.279780937403330876e+00 1.103972040744657335e+01
1.882574196958700208e+00 1.432056459695028749e+01
2.769094374774479839e+00 1.922340846806574888e+01
4.001500220195118196e+00 2.898334406796560714e+01
5.263258094806565701e+00 4.040119665715558028e+01
