4.009119509968842032e-02 1.724672011346308986e+00
5.802164041764195507e-02 5.391280587099671173e+00
8.606012077248019476e-02 8.642880102757468208e+00
1.278300183056659267e-01 1.417323616152608245e+01
1.859063812935631554e-01 1.560506934631495035e+01
2.739955116354219067e-01 1.679516067307179839e+01
4.024867474542601076e-01 1.717697429844644930e+01
5.910384247717540562e-01 1.859807148431107038e+01
8.701133797849240903e-01 2.145069636482028130e+01
1.279780937403330876e+00 2.724259222382614709e+01
1.882574196958700208e+00 3.688299862360386783e+01
2.769094374774479839e+00 5.133915724121895607e+01
4.001500220195118196e+00 8.314449155347128340e+01
5.263258094806565701e+00 1.193525550091274567e+02
